-0.61086524
-0.60807271
-0.60528018
-0.60266219
-0.59986966
-0.59707714
-0.59445914
-0.59166662
-0.58904862
-0.58625610
-0.58363810
-0.58102011
-0.57822758
-0.57560959
-0.57281706
-0.57019907
-0.56758107
-0.56496308
-0.56217055
-0.55955256
-0.55693456
-0.55431657
-0.55169858
-0.54908058
-0.54646259
-0.54384459
-0.54122660
-0.53860861
-0.53599061
-0.53337262
-0.53075463
-0.52813663
-0.52551864
-0.52290064
-0.52028265
-0.51783919
-0.51522120
-0.51260320
-0.50998521
-0.50736721
-0.50492375
-0.50230576
-0.49968776
-0.49724430
-0.49462631
-0.49218285
-0.48956486
-0.48694686
-0.48450340
-0.48188541
-0.47944195
-0.47682395
-0.47438049
-0.47176250
-0.46931904
-0.46687557
-0.46425758
-0.46181412
-0.45919613
-0.45675267
-0.45430920
-0.45169121
-0.44924775
-0.44680429
-0.44436083
-0.44174283
-0.43929937
-0.43685591
-0.43441245
-0.43196899
-0.42935100
-0.42690754
-0.42446407
-0.42202061
-0.41957715
-0.41713369
-0.41469023
-0.41224677
-0.40980331
-0.40735985
-0.40491639
-0.40247293
-0.40002946
-0.39758600
-0.39514254
-0.39269908
-0.39025562
-0.38781216
-0.38536870
-0.38292524
-0.38065631
-0.37821285
-0.37576939
-0.37332593
-0.37088247
-0.36843901
-0.36617008
-0.36372662
-0.36128316
-0.35883969
-0.35657077
-0.35412731
-0.35168384
-0.34941492
-0.34697146
-0.34452799
-0.34208453
-0.33981561
-0.33737214
-0.33510322
-0.33265976
-0.33021629
-0.32794737
-0.32550391
-0.32323498
-0.32079152
-0.31852259
-0.31607913
-0.31363567
-0.31136674
-0.30892328
-0.30665435
-0.30421089
-0.30194196
-0.29949850
-0.29722957
-0.29496064
-0.29251718
-0.29024825
-0.28780479
-0.28553587
-0.28309240
-0.28082348
-0.27855455
-0.27611109
-0.27384216
-0.27157323
-0.26912977
-0.26686084
-0.26459191
-0.26214845
-0.25987953
-0.25761060
-0.25516714
-0.25289821
-0.25062928
-0.24836035
-0.24591689
-0.24364796
-0.24137904
-0.23911011
-0.23666665
-0.23439772
-0.23212879
-0.22985986
-0.22741640
-0.22514747
-0.22287855
-0.22060962
-0.21834069
-0.21589723
-0.21362830
-0.21135937
-0.20909044
-0.20682152
-0.20455259
-0.20228366
-0.19984020
-0.19757127
-0.19530234
-0.19303342
-0.19076449
-0.18849556
-0.18622663
-0.18395770
-0.18168878
-0.17941985
-0.17715092
-0.17470746
-0.17243853
-0.17016960
-0.16790067
-0.16563175
-0.16336282
-0.16109389
-0.15882496
-0.15655603
-0.15428711
-0.15201818
-0.14974925
-0.14748032
-0.14521139
-0.14294247
-0.14067354
-0.13840461
-0.13613568
-0.13386675
-0.13159783
-0.12932890
-0.12705997
-0.12479104
-0.12252211
-0.12025319
-0.11798426
-0.11571533
-0.11344640
-0.11135201
-0.10908308
-0.10681415
-0.10454522
-0.10227629
-0.10000737
-0.09773844
-0.09546951
-0.09320058
-0.09093165
-0.08866273
-0.08639380
-0.08412487
-0.08203047
-0.07976155
-0.07749262
-0.07522369
-0.07295476
-0.07068583
-0.06841691
-0.06614798
-0.06387905
-0.06161012
-0.05951573
-0.05724680
-0.05497787
-0.05270894
-0.05044002
-0.04817109
-0.04590216
-0.04363323
-0.04153884
-0.03926991
-0.03700098
-0.03473205
-0.03246312
-0.03019420
-0.02792527
-0.02565634
-0.02356194
-0.02129302
-0.01902409
-0.01675516
-0.01448623
-0.01221730
-0.00994838
-0.00785398
-0.00558505
-0.00331613
-0.00104720
0.00104720
0.00331613
0.00558505
0.00785398
0.00994838
0.01221730
0.01448623
0.01675516
0.01902409
0.02129302
0.02356194
0.02565634
0.02792527
0.03019420
0.03246312
0.03473205
0.03700098
0.03926991
0.04153884
0.04363323
0.04590216
0.04817109
0.05044002
0.05270894
0.05497787
0.05724680
0.05951573
0.06161012
0.06387905
0.06614798
0.06841691
0.07068583
0.07295476
0.07522369
0.07749262
0.07976155
0.08203047
0.08412487
0.08639380
0.08866273
0.09093165
0.09320058
0.09546951
0.09773844
0.10000737
0.10227629
0.10454522
0.10681415
0.10908308
0.11135201
0.11344640
0.11571533
0.11798426
0.12025319
0.12252211
0.12479104
0.12705997
0.12932890
0.13159783
0.13386675
0.13613568
0.13840461
0.14067354
0.14294247
0.14521139
0.14748032
0.14974925
0.15201818
0.15428711
0.15655603
0.15882496
0.16109389
0.16336282
0.16563175
0.16790067
0.17016960
0.17243853
0.17470746
0.17715092
0.17941985
0.18168878
0.18395770
0.18622663
0.18849556
0.19076449
0.19303342
0.19530234
0.19757127
0.19984020
0.20228366
0.20455259
0.20682152
0.20909044
0.21135937
0.21362830
0.21589723
0.21834069
0.22060962
0.22287855
0.22514747
0.22741640
0.22985986
0.23212879
0.23439772
0.23666665
0.23911011
0.24137904
0.24364796
0.24591689
0.24836035
0.25062928
0.25289821
0.25516714
0.25761060
0.25987953
0.26214845
0.26459191
0.26686084
0.26912977
0.27157323
0.27384216
0.27611109
0.27855455
0.28082348
0.28309240
0.28553587
0.28780479
0.29024825
0.29251718
0.29496064
0.29722957
0.29949850
0.30194196
0.30421089
0.30665435
0.30892328
0.31136674
0.31363567
0.31607913
0.31852259
0.32079152
0.32323498
0.32550391
0.32794737
0.33021629
0.33265976
0.33510322
0.33737214
0.33981561
0.34208453
0.34452799
0.34697146
0.34941492
0.35168384
0.35412731
0.35657077
0.35883969
0.36128316
0.36372662
0.36617008
0.36843901
0.37088247
0.37332593
0.37576939
0.37821285
0.38065631
0.38292524
0.38536870
0.38781216
0.39025562
0.39269908
0.39514254
0.39758600
0.40002946
0.40247293
0.40491639
0.40735985
0.40980331
0.41224677
0.41469023
0.41713369
0.41957715
0.42202061
0.42446407
0.42690754
0.42935100
0.43196899
0.43441245
0.43685591
0.43929937
0.44174283
0.44436083
0.44680429
0.44924775
0.45169121
0.45430920
0.45675267
0.45919613
0.46181412
0.46425758
0.46687557
0.46931904
0.47176250
0.47438049
0.47682395
0.47944195
0.48188541
0.48450340
0.48694686
0.48956486
0.49218285
0.49462631
0.49724430
0.49968776
0.50230576
0.50492375
0.50736721
0.50998521
0.51260320
0.51522120
0.51783919
0.52028265
0.52290064
0.52551864
0.52813663
0.53075463
0.53337262
0.53599061
0.53860861
0.54122660
0.54384459
0.54646259
0.54908058
0.55169858
0.55431657
0.55693456
0.55955256
0.56217055
0.56496308
0.56758107
0.57019907
0.57281706
0.57560959
0.57822758
0.58102011
0.58363810
0.58625610
0.58904862
0.59166662
0.59445914
0.59707714
0.59986966
0.60266219
0.60528018
0.60807271
0.61086524
